138
NULL 0 NULL 0
É 5 59,68,232,255,68,314,0,31,80,325 Latin 64 0 1 É	# É [c9 ]A
c 3 58,64,192,200,80,153,0,36,88,178 Latin 26 0 2 c	# c [63 ]a
o 3 58,66,188,200,87,151,0,32,98,185 Latin 68 0 3 o	# o [6f ]a
n 3 59,68,188,202,87,187,0,25,101,208 Latin 67 0 4 n	# n [6e ]a
m 3 56,68,189,202,108,280,0,25,117,306 Latin 104 0 5 m	# m [6d ]a
i 3 59,69,216,255,11,141,0,54,27,173 Latin 38 0 6 i	# i [69 ]a
e 3 58,64,189,200,87,154,0,32,98,188 Latin 23 0 7 e	# e [65 ]a
' 10 148,225,216,255,11,51,0,97,36,173 Common 8 10 8 '	# ' [27 ]p
s 3 58,65,192,200,78,147,0,30,91,173 Latin 54 0 9 s	# s [73 ]a
t 3 58,66,206,254,57,167,0,47,59,180 Latin 34 0 10 t	# t [74 ]a
“ 10 141,233,216,255,56,133,0,172,66,298 Common 11 10 11 "	# “ [201c ]p
l 3 59,68,216,255,11,147,0,56,27,173 Latin 41 0 12 l	# l [6c ]a
a 3 58,65,186,200,85,164,0,26,97,185 Latin 66 0 13 a	# a [61 ]a
J 5 0,64,216,255,39,242,0,30,62,234 Latin 91 0 14 J	# J [4a ]A
u 3 57,65,187,202,85,184,0,39,100,208 Latin 95 0 15 u	# u [75 ]a
x 3 59,68,187,201,85,189,0,25,84,218 Latin 43 0 16 x	# x [78 ]a
[ 10 8,64,216,255,39,136,0,80,55,173 Common 17 10 19 [	# [ [5b ]p
0 8 58,66,187,255,88,164,0,45,103,180 Common 18 2 18 0	# 0 [30 ]0
] 10 8,64,216,255,39,129,0,44,55,173 Common 19 10 17 ]	# ] [5d ]p
P 5 57,68,216,255,87,225,0,32,97,230 Latin 24 0 20 P	# P [50 ]A
r 3 59,68,186,202,58,173,0,40,69,180 Latin 42 0 21 r	# r [72 ]a
f 3 0,68,216,255,54,175,0,42,55,193 Latin 96 0 22 f	# f [66 ]a
E 5 59,68,216,255,68,210,0,31,80,219 Latin 7 0 23 E	# E [45 ]A
p 3 0,47,192,226,87,180,0,25,100,200 Latin 20 0 24 p	# p [70 ]a
ñ 3 61,68,214,255,87,407,0,25,101,414 Latin 25 0 25 ñ	# ñ [f1 ]a
C 5 58,65,219,255,87,192,0,32,107,209 Latin 2 0 26 C	# C [43 ]A
ï 3 0,69,217,255,42,284,0,42,47,291 Latin 108 0 27 ï	# ï [ef ]a
b 3 58,64,216,255,87,180,0,25,100,200 Latin 107 0 28 b	# b [62 ]a
» 10 0,133,146,235,63,284,0,32,71,294 Common 29 10 40 »	# » [bb ]p
, 10 14,46,79,115,17,78,0,58,30,173 Common 30 6 30 ,	# , [2c ]p
v 3 59,68,187,197,84,173,0,32,84,218 Latin 63 0 31 v	# v [76 ]a
4 8 0,68,198,255,93,161,0,41,96,173 Common 32 2 32 4	# 4 [34 ]0
y 3 0,47,187,202,87,199,0,25,87,230 Latin 126 0 33 y	# y [79 ]a
T 5 59,68,216,255,85,227,0,47,88,236 Latin 10 0 34 T	# T [54 ]A
ü 3 0,65,219,255,85,220,0,39,100,225 Latin 98 0 35 ü	# ü [fc ]a
k 3 57,68,216,255,85,177,0,35,93,198 Latin 59 0 36 k	# k [6b ]a
ç 3 0,31,182,232,80,299,0,36,96,309 Latin 117 0 37 ç	# ç [e7 ]a
I 5 59,68,216,255,10,155,0,50,29,173 Latin 6 0 38 I	# I [49 ]A
® 0 28,163,209,255,83,223,0,48,92,257 Common 39 10 39 ®	# ® [ae ]
« 10 26,133,148,235,63,279,0,35,71,281 Common 40 10 29 «	# « [ab ]p
L 5 59,68,216,255,64,193,0,31,74,206 Latin 12 0 41 L	# L [4c ]A
R 5 57,68,216,255,88,227,0,27,104,232 Latin 21 0 42 R	# R [52 ]A
X 5 59,68,216,255,94,275,0,25,93,256 Latin 16 0 43 X	# X [58 ]A
ﬂ 3 0,71,216,255,87,219,0,28,105,236 Latin 44 0 44 fl	# ﬂ [fb02 ]a
@ 10 0,65,211,255,99,286,0,39,117,291 Common 45 10 45 @	# @ [40 ]p
+ 0 54,102,171,253,90,176,0,37,103,213 Common 46 3 46 +	# + [2b ]
Ù 5 0,64,232,255,91,350,0,39,106,358 Latin 122 0 47 Ù	# Ù [d9 ]A
g 3 0,43,188,212,88,176,0,32,100,210 Latin 101 0 48 g	# g [67 ]a
/ 10 0,65,219,255,59,228,0,36,62,238 Common 49 6 49 /	# / [2f ]p
* 10 78,183,188,255,49,134,0,60,53,173 Common 50 10 50 *	# * [2a ]p
D 5 59,68,216,255,93,230,0,27,107,236 Latin 61 0 51 D	# D [44 ]A
H 5 59,68,216,255,91,258,0,27,107,244 Latin 83 0 52 H	# H [48 ]A
Ô 5 0,64,232,255,91,250,0,34,106,258 Latin 99 0 53 Ô	# Ô [d4 ]A
S 5 57,64,219,255,87,174,0,30,100,200 Latin 9 0 54 S	# S [53 ]A
° 0 66,247,209,255,22,399,0,98,66,409 Common 55 4 55 °	# ° [b0 ]
5 8 12,66,199,255,82,160,0,36,103,173 Common 56 2 56 5	# 5 [35 ]0
% 10 27,67,205,255,105,257,0,49,117,288 Common 57 4 57 %	# % [25 ]p
) 10 0,64,216,255,42,119,0,53,61,173 Common 58 10 113 )	# ) [29 ]p
K 5 57,68,216,255,92,225,0,37,103,216 Latin 36 0 59 K	# K [4b ]A
w 3 59,68,187,195,108,235,0,32,117,286 Latin 128 0 60 w	# w [77 ]a
d 3 57,65,216,255,88,174,0,28,100,200 Latin 51 0 61 d	# d [64 ]a
Â 5 64,68,232,255,100,248,0,25,98,258 Latin 106 0 62 Â	# Â [c2 ]A
V 5 59,68,216,255,103,207,0,41,101,245 Latin 31 0 63 V	# V [56 ]A
é 3 0,64,222,255,87,384,0,32,98,391 Latin 1 0 64 é	# é [e9 ]a
Æ 5 0,68,209,255,106,324,0,32,117,325 Latin 81 0 65 Æ	# Æ [c6 ]A
A 5 52,68,216,255,100,216,0,17,98,231 Latin 13 0 66 A	# A [41 ]A
N 5 59,68,216,255,87,262,0,27,104,249 Latin 4 0 67 N	# N [4e ]A
O 5 57,64,219,255,91,209,0,34,106,233 Latin 3 0 68 O	# O [4f ]A
1 8 49,69,192,255,45,128,0,66,74,173 Common 69 2 69 1	# 1 [31 ]0
6 8 58,66,219,255,87,156,0,54,104,173 Common 70 2 70 6	# 6 [36 ]0
” 10 141,233,216,255,59,141,0,87,66,298 Common 71 10 71 "	# ” [201d ]p
Œ 5 51,68,209,255,104,304,0,32,117,320 Latin 105 0 72 Œ	# Œ [152 ]A
ÿ 3 0,47,219,254,87,199,0,22,87,230 Latin 88 0 73 ÿ	# ÿ [ff ]a
! 10 41,67,216,255,11,87,0,71,50,173 Common 74 10 74 !	# ! [21 ]p
; 10 14,56,131,221,17,93,0,58,38,173 Common 75 10 75 ;	# ; [3b ]p
ﬁ 3 0,71,216,255,87,202,0,28,105,199 Latin 76 0 76 fi	# ﬁ [fb01 ]a
ê 3 0,64,222,255,87,409,0,32,98,407 Latin 121 0 77 ê	# ê [ea ]a
| 0 0,67,216,255,8,73,0,80,50,173 Common 78 10 78 |	# | [7c ]
ä 3 0,64,219,255,85,294,0,26,97,307 Latin 79 0 79 ä	# ä [e4 ]a
€ 0 32,68,209,255,97,238,0,49,103,293 Common 80 4 80 €	# € [20ac ]
æ 3 0,66,174,232,102,419,0,43,117,427 Latin 65 0 81 æ	# æ [e6 ]a
: 10 58,85,141,221,11,69,0,67,38,173 Common 82 6 82 :	# : [3a ]p
h 3 59,68,216,255,87,187,0,25,101,208 Latin 52 0 83 h	# h [68 ]a
ë 3 0,64,219,255,87,468,0,32,98,481 Latin 94 0 84 ë	# ë [eb ]a
< 0 29,102,173,255,69,184,0,50,90,256 Common 85 10 90 <	# < [3c ]
\ 10 0,67,219,255,28,250,0,71,62,261 Common 86 10 86 \	# \ [5c ]p
à 3 0,64,222,255,85,407,0,26,97,407 Latin 118 0 87 à	# à [e0 ]a
Ÿ 5 61,68,245,255,91,201,0,47,91,192 Latin 73 0 88 Ÿ	# Ÿ [178 ]A
è 3 0,64,222,255,87,279,0,32,98,289 Latin 127 0 89 è	# è [e8 ]a
> 0 29,102,173,255,78,184,0,50,90,256 Common 90 10 85 >	# > [3e ]
j 3 0,47,216,255,36,145,0,49,50,173 Latin 14 0 91 j	# j [6a ]a
. 10 26,67,73,112,13,51,0,67,30,173 Common 92 6 92 .	# . [2e ]p
q 3 0,47,192,202,88,196,0,30,100,200 Latin 115 0 93 q	# q [71 ]a
Ë 5 59,68,232,255,68,253,0,31,80,263 Latin 84 0 94 Ë	# Ë [cb ]A
U 5 58,64,216,255,91,214,0,39,106,220 Latin 15 0 95 U	# U [55 ]A
F 5 57,68,216,255,68,210,0,31,77,209 Latin 22 0 96 F	# F [46 ]A
- 10 105,161,122,175,49,176,0,43,56,215 Common 97 3 97 -	# - [2d ]p
Ü 5 58,64,232,255,91,291,0,39,106,299 Latin 35 0 98 Ü	# Ü [dc ]A
ô 3 58,66,222,255,87,192,0,32,98,202 Latin 53 0 99 ô	# ô [f4 ]a
3 8 0,66,196,255,84,158,0,32,103,173 Common 100 2 100 3	# 3 [33 ]0
G 5 58,64,219,255,91,230,0,30,106,230 Latin 48 0 101 G	# G [47 ]A
Û 5 0,64,232,255,91,350,0,39,106,360 Latin 129 0 102 Û	# Û [db ]A
2 8 30,69,194,255,80,160,0,27,97,173 Common 103 2 103 2	# 2 [32 ]0
M 5 57,68,216,255,99,301,0,35,117,286 Latin 5 0 104 M	# M [4d ]A
œ 3 53,69,174,209,104,237,0,42,117,293 Latin 72 0 105 œ	# œ [153 ]a
â 3 0,64,222,255,85,256,0,26,97,256 Latin 62 0 106 â	# â [e2 ]a
B 5 62,68,216,255,91,227,0,27,106,227 Latin 28 0 107 B	# B [42 ]A
Ï 5 0,68,232,255,42,437,0,36,55,445 Latin 27 0 108 Ï	# Ï [cf ]A
7 8 12,68,196,255,72,160,0,60,75,173 Common 109 2 109 7	# 7 [37 ]0
8 8 57,66,219,255,88,162,0,41,103,174 Common 110 2 110 8	# 8 [38 ]0
Î 5 3,68,247,255,63,263,0,36,55,271 Latin 112 0 111 Î	# Î [ce ]A
î 3 62,69,222,255,58,189,0,42,47,199 Latin 111 0 112 î	# î [ee ]a
( 10 0,64,216,255,42,118,0,97,61,173 Common 113 10 58 (	# ( [28 ]p
& 10 53,64,194,255,108,232,0,47,112,239 Common 114 10 114 &	# & [26 ]p
Q 5 7,64,219,255,91,205,0,30,106,227 Latin 93 0 115 Q	# Q [51 ]A
z 3 46,68,186,199,65,151,0,32,68,173 Latin 125 0 116 z	# z [7a ]a
Ç 5 0,64,217,255,87,286,0,32,107,296 Latin 37 0 117 Ç	# Ç [c7 ]A
À 5 64,68,232,255,100,209,0,27,98,245 Latin 87 0 118 À	# À [c0 ]A
© 0 28,125,209,255,118,232,0,32,119,257 Common 119 10 119 ©	# © [a9 ]
9 8 0,66,200,255,89,156,0,39,104,173 Common 120 2 120 9	# 9 [39 ]0
Ê 5 0,68,232,255,72,266,0,31,80,276 Latin 77 0 121 Ê	# Ê [ca ]A
ù 3 57,66,222,255,85,253,0,39,100,263 Latin 47 0 122 ù	# ù [f9 ]a
— 10 110,155,132,167,126,297,0,23,136,298 Common 123 10 123 -	# — [2014 ]p
_ 10 0,50,0,64,73,248,0,29,75,259 Common 124 10 124 _	# _ [5f ]p
Z 5 64,68,216,255,72,218,0,30,77,236 Latin 116 0 125 Z	# Z [5a ]A
Y 5 59,68,216,255,91,205,0,47,91,223 Latin 33 0 126 Y	# Y [59 ]A
È 5 0,68,232,255,68,220,0,31,80,225 Latin 89 0 127 È	# È [c8 ]A
W 5 54,68,216,255,106,314,0,41,117,318 Latin 60 0 128 W	# W [57 ]A
û 3 57,65,222,255,87,286,0,39,100,296 Latin 102 0 129 û	# û [fb ]a
} 10 0,44,216,255,54,148,0,56,59,173 Common 130 10 134 }	# } [7d ]p
# 10 37,84,200,255,99,221,0,41,109,266 Common 131 4 131 #	# # [23 ]p
= 0 74,139,144,199,90,186,0,32,103,224 Common 132 10 132 =	# = [3d ]
" 10 151,225,216,255,52,115,0,71,71,173 Common 133 10 133 "	# " [22 ]p
{ 10 0,44,216,255,54,148,0,71,59,173 Common 134 10 130 {	# { [7b ]p
? 10 40,67,219,255,59,144,0,65,77,188 Common 135 10 135 ?	# ? [3f ]p
‘ 10 141,233,210,255,17,64,0,216,30,298 Common 136 10 136 '	# ‘ [2018 ]p
’ 10 141,233,212,255,17,78,0,109,30,298 Common 137 10 137 '	# ’ [2019 ]p
