4
linear   essential      -0.250000   0.750000
linear   non-essential   0.000000   1.000000
linear   essential       0.000000   1.000000
linear   essential       0.000000   1.000000

É 1
significant   elliptical   543
	  0.391697  0.427383  0.260906  0.154984
	  0.000400  0.003755  0.000400  0.000400

c 1
significant   elliptical  3200
	  0.245811  0.219436  0.161962  0.133661
	  0.000400  0.000423  0.000400  0.000400

o 1
significant   elliptical  3200
	  0.243690  0.241921  0.154753  0.147322
	  0.000400  0.000400  0.000400  0.000400

n 1
significant   elliptical  3200
	  0.244463  0.258343  0.161260  0.159081
	  0.000400  0.000479  0.000400  0.000400

m 1
significant   elliptical  3200
	  0.245977  0.377973  0.161451  0.226577
	  0.000400  0.000649  0.000400  0.000529

i 1
significant   elliptical  3198
	  0.328912  0.184450  0.215711  0.073665
	  0.000601  0.000969  0.000400  0.000461

e 1
significant   elliptical  3200
	  0.242765  0.255848  0.151629  0.133018
	  0.000400  0.000700  0.000400  0.000400

' 1
significant   elliptical  1560
	  0.549569  0.070464  0.088176  0.048518
	  0.001306  0.000400  0.000400  0.000400

s 1
significant   elliptical  3200
	  0.241046  0.242969  0.158533  0.122075
	  0.000400  0.000816  0.000400  0.000400

t 1
significant   elliptical  3200
	  0.294616  0.189999  0.195242  0.095867
	  0.000400  0.000743  0.000400  0.000400

“ 1
significant   elliptical   352
	  0.540305  0.150550  0.089078  0.111606
	  0.000884  0.000604  0.000400  0.000400

l 1
significant   elliptical  3200
	  0.333358  0.179900  0.226068  0.076522
	  0.000471  0.000845  0.000400  0.000438

a 1
significant   elliptical  3200
	  0.235522  0.263208  0.158555  0.141903
	  0.000400  0.000411  0.000400  0.000400

J 1
significant   elliptical   572
	  0.301505  0.239270  0.223858  0.140365
	  0.000688  0.001690  0.000400  0.001004

u 1
significant   elliptical  3200
	  0.239426  0.254612  0.160228  0.156975
	  0.000400  0.000400  0.000400  0.000400

x 1
significant   elliptical   826
	  0.239875  0.244904  0.168347  0.148177
	  0.000400  0.000720  0.000400  0.000400

[ 1
significant   elliptical   512
	  0.270462  0.221430  0.281090  0.085472
	  0.000744  0.000400  0.000400  0.000400

0 1
significant   elliptical  2336
	  0.324824  0.296806  0.200158  0.151182
	  0.000766  0.000400  0.000400  0.000400

] 1
significant   elliptical   447
	  0.266071  0.221641  0.280892  0.085868
	  0.000728  0.000400  0.000400  0.000400

P 1
significant   elliptical  1241
	  0.379186  0.297799  0.205829  0.162907
	  0.000418  0.001108  0.000400  0.000400

r 1
significant   elliptical  3200
	  0.280558  0.172771  0.162552  0.118170
	  0.000400  0.001051  0.000400  0.000536

f 2
significant   elliptical  1004
	  0.364433  0.223123  0.217563  0.109165
	  0.000400  0.002046  0.000400  0.000629
significant   elliptical   390
	  0.290294  0.273789  0.285958  0.154878
	  0.000961  0.000971  0.000400  0.000674

E 1
significant   elliptical  2354
	  0.333833  0.374058  0.226880  0.162446
	  0.000400  0.003248  0.000400  0.000409

p 1
significant   elliptical  3200
	  0.185530  0.304819  0.204861  0.159598
	  0.000400  0.000837  0.000400  0.000400

ñ 1
significant   elliptical   352
	  0.332431  0.343023  0.208840  0.149225
	  0.000400  0.000800  0.000400  0.000400

C 2
significant   elliptical   780
	  0.365079  0.338916  0.248137  0.194481
	  0.000400  0.000400  0.000400  0.000400
significant   elliptical  1283
	  0.323333  0.284487  0.222218  0.168587
	  0.000400  0.000564  0.000400  0.000400

ï 1
significant   elliptical   347
	  0.366996  0.222651  0.215463  0.090688
	  0.001076  0.001702  0.000400  0.000541

b 1
significant   elliptical  1504
	  0.302316  0.296835  0.205483  0.148832
	  0.000400  0.000492  0.000400  0.000400

» 1
significant   elliptical   415
	  0.247515  0.201988  0.113742  0.115343
	  0.000458  0.001542  0.000483  0.000405

, 1
significant   elliptical  1118
	  0.014507  0.080705  0.093635  0.058084
	  0.000414  0.000400  0.000400  0.000400

v 1
significant   elliptical  2270
	  0.287297  0.211278  0.146075  0.136777
	  0.000400  0.000648  0.000400  0.000400

4 1
significant   elliptical   480
	  0.294857  0.252620  0.184595  0.135498
	  0.002057  0.000534  0.000400  0.000400

y 1
significant   elliptical   735
	  0.193585  0.271902  0.211724  0.141050
	  0.000412  0.001267  0.000400  0.000400

T 1
significant   elliptical  1984
	  0.409967  0.275534  0.222591  0.152836
	  0.000637  0.002503  0.000400  0.000523

ü 1
significant   elliptical   349
	  0.323973  0.337761  0.206964  0.147128
	  0.000420  0.000755  0.000400  0.000400

k 1
significant   elliptical   480
	  0.302506  0.291670  0.208398  0.141829
	  0.000400  0.000925  0.000400  0.000400

ç 1
significant   elliptical   384
	  0.178050  0.267170  0.206340  0.126333
	  0.000400  0.000494  0.000400  0.000400

I 2
significant   elliptical   823
	  0.339692  0.222443  0.243754  0.111653
	  0.000462  0.000400  0.000400  0.000400
significant   elliptical   513
	  0.325696  0.160104  0.210884  0.064655
	  0.000400  0.000440  0.000400  0.000400

® 2
significant   elliptical   308
	  0.327453  0.540382  0.193042  0.187132
	  0.000456  0.003466  0.000400  0.000400
significant   elliptical    44
	  0.286665  0.692312  0.235796  0.227805
	  0.000400  0.000400  0.000400  0.000400

« 1
significant   elliptical   352
	  0.252286  0.202526  0.113769  0.114957
	  0.000432  0.001459  0.000477  0.000422

L 2
significant   elliptical   696
	  0.249641  0.206895  0.211920  0.121492
	  0.000400  0.000400  0.000400  0.000400
significant   elliptical  1089
	  0.281501  0.283169  0.236696  0.161742
	  0.000400  0.000675  0.000400  0.000400

R 1
significant   elliptical  1816
	  0.329719  0.362855  0.219968  0.177268
	  0.000400  0.002050  0.000400  0.000471

X 2
significant   elliptical   118
	  0.350801  0.408849  0.253840  0.196637
	  0.000400  0.000488  0.000400  0.000400
significant   elliptical   227
	  0.319641  0.315449  0.222260  0.168760
	  0.000400  0.001512  0.000400  0.000415

ﬂ 2
significant   elliptical    26
	  0.327224  0.358263  0.219351  0.158353
	  0.000400  0.001660  0.000400  0.000497
significant   elliptical     6
	  0.273437  0.435807  0.275391  0.216797
	  0.000400  0.000457  0.000400  0.000456

@ 2
significant   elliptical    88
	  0.236550  0.750337  0.255060  0.239347
	  0.000400  0.002498  0.000400  0.000400
significant   elliptical   263
	  0.303574  0.534810  0.205784  0.180178
	  0.001423  0.007094  0.000400  0.000674

+ 1
significant   elliptical   352
	  0.291881  0.174486  0.127330  0.126143
	  0.000828  0.000479  0.000400  0.000400

Ù 1
significant   elliptical   352
	  0.406761  0.401773  0.255593  0.180420
	  0.000903  0.001872  0.000400  0.000400

g 1
significant   elliptical  2046
	  0.156254  0.343792  0.214697  0.146416
	  0.000400  0.000764  0.000400  0.000400

/ 1
significant   elliptical   383
	  0.312561  0.175637  0.228470  0.105928
	  0.001587  0.000412  0.000532  0.000826

* 1
significant   elliptical   415
	  0.486982  0.164071  0.108104  0.108688
	  0.001050  0.001206  0.000400  0.000400

D 1
significant   elliptical   735
	  0.331840  0.356754  0.220190  0.189163
	  0.000400  0.001196  0.000400  0.000400

H 2
significant   elliptical   310
	  0.351613  0.452360  0.241936  0.219090
	  0.000400  0.000611  0.000400  0.000400
significant   elliptical   453
	  0.322520  0.337923  0.203513  0.187845
	  0.000400  0.001303  0.000400  0.000400

Ô 2
significant   elliptical   113
	  0.438019  0.458016  0.277205  0.195001
	  0.000400  0.000400  0.000400  0.000400
significant   elliptical   239
	  0.402687  0.407272  0.251209  0.177269
	  0.000400  0.000400  0.000400  0.000400

S 1
significant   elliptical  1851
	  0.328625  0.336340  0.222095  0.153483
	  0.000400  0.002076  0.000400  0.000430

° 1
significant   elliptical   352
	  0.529941  0.137668  0.092818  0.093317
	  0.001955  0.000608  0.000400  0.000400

5 1
significant   elliptical   512
	  0.318024  0.305132  0.215889  0.136932
	  0.002616  0.001001  0.000400  0.000400

% 1
significant   elliptical   352
	  0.336781  0.472016  0.194702  0.191051
	  0.000400  0.004698  0.000400  0.001522

) 1
significant   elliptical   703
	  0.262925  0.192385  0.253389  0.084026
	  0.000785  0.000400  0.000400  0.000400

K 2
significant   elliptical   133
	  0.356203  0.425003  0.250088  0.197662
	  0.000400  0.000890  0.000400  0.000400
significant   elliptical   218
	  0.325366  0.330134  0.215417  0.170961
	  0.000400  0.001512  0.000400  0.000461

w 1
significant   elliptical   672
	  0.269549  0.319021  0.149606  0.197080
	  0.000400  0.001056  0.000400  0.000543

d 1
significant   elliptical  3200
	  0.299089  0.306330  0.205594  0.159497
	  0.000400  0.000772  0.000400  0.000400

Â 1
significant   elliptical   351
	  0.371127  0.382804  0.267995  0.156306
	  0.000400  0.001128  0.000400  0.000400

V 1
significant   elliptical   601
	  0.405490  0.288151  0.196599  0.167702
	  0.001384  0.001050  0.000400  0.000400

é 1
significant   elliptical  2907
	  0.310733  0.310812  0.199889  0.126199
	  0.000400  0.000709  0.000400  0.000400

Æ 1
significant   elliptical   348
	  0.314891  0.505131  0.219042  0.240425
	  0.000400  0.005594  0.000400  0.001105

A 1
significant   elliptical  2661
	  0.266438  0.302696  0.195656  0.166847
	  0.000400  0.001040  0.000400  0.000400

N 2
significant   elliptical  1126
	  0.335785  0.368665  0.202830  0.188555
	  0.000400  0.001546  0.000400  0.000400
significant   elliptical   244
	  0.381388  0.443889  0.230309  0.231813
	  0.000400  0.000422  0.000400  0.000400

O 1
significant   elliptical   864
	  0.333012  0.345058  0.216173  0.196081
	  0.000400  0.000716  0.000400  0.000400

1 1
significant   elliptical  1024
	  0.302296  0.195410  0.214577  0.097069
	  0.001180  0.000514  0.000419  0.000400

6 1
significant   elliptical   448
	  0.323312  0.301658  0.202227  0.139300
	  0.000400  0.000936  0.000400  0.000400

” 1
significant   elliptical   352
	  0.549172  0.152161  0.089189  0.112860
	  0.000910  0.000621  0.000400  0.000400

Œ 1
significant   elliptical   352
	  0.336870  0.527047  0.223455  0.257668
	  0.000400  0.003946  0.000400  0.000921

ÿ 1
significant   elliptical   352
	  0.286732  0.354613  0.250100  0.136164
	  0.000729  0.001798  0.000400  0.000400

! 1
significant   elliptical   384
	  0.333771  0.160320  0.214284  0.061015
	  0.000415  0.000400  0.000400  0.000400

; 1
significant   elliptical   374
	  0.169306  0.132737  0.204295  0.065038
	  0.000696  0.000590  0.000400  0.000400

ﬁ 2
significant   elliptical    59
	  0.261851  0.447484  0.270458  0.210606
	  0.000431  0.002729  0.000400  0.000461
significant   elliptical   282
	  0.332724  0.361313  0.220703  0.157206
	  0.000400  0.001252  0.000400  0.000411

ê 1
significant   elliptical   416
	  0.329787  0.335891  0.203303  0.125864
	  0.000400  0.000720  0.000400  0.000400

| 2
significant   elliptical   275
	  0.257571  0.180616  0.255795  0.044730
	  0.000400  0.000400  0.000400  0.000400
significant   elliptical    77
	  0.356280  0.155530  0.217634  0.052506
	  0.000400  0.000400  0.000400  0.000400

ä 1
significant   elliptical   352
	  0.318293  0.344876  0.206143  0.135742
	  0.000403  0.000540  0.000400  0.000400

€ 1
significant   elliptical   338
	  0.341936  0.333645  0.213180  0.153892
	  0.000515  0.001029  0.000400  0.000400

æ 1
significant   elliptical   350
	  0.243505  0.396185  0.158382  0.213962
	  0.000400  0.000904  0.000400  0.000400

: 1
significant   elliptical   736
	  0.240394  0.103356  0.172316  0.058121
	  0.000400  0.000515  0.000400  0.000400

h 1
significant   elliptical  2653
	  0.299508  0.297267  0.205501  0.153847
	  0.000400  0.000667  0.000400  0.000400

ë 1
significant   elliptical   352
	  0.329889  0.338299  0.201061  0.129372
	  0.000455  0.000526  0.000400  0.000400

< 3
significant   elliptical   285
	  0.281551  0.188965  0.134910  0.136554
	  0.000543  0.000631  0.000400  0.000400
significant   elliptical    43
	  0.359648  0.213763  0.134538  0.150164
	  0.000400  0.000400  0.000400  0.000400
significant   elliptical    22
	  0.323686  0.235902  0.179155  0.166903
	  0.000400  0.000400  0.000400  0.000400

\ 1
significant   elliptical   384
	  0.322896  0.168484  0.224904  0.087636
	  0.001290  0.000400  0.000571  0.000731

à 1
significant   elliptical   510
	  0.302796  0.318932  0.205584  0.132560
	  0.000400  0.000572  0.000400  0.000400

Ÿ 1
significant   elliptical   352
	  0.485041  0.356351  0.247314  0.144609
	  0.000939  0.002617  0.000400  0.000400

è 1
significant   elliptical   352
	  0.308660  0.309231  0.198642  0.123691
	  0.000400  0.000688  0.000400  0.000400

> 3
significant   elliptical    43
	  0.306777  0.235220  0.170967  0.170876
	  0.000400  0.000400  0.000400  0.000400
significant   elliptical   344
	  0.278411  0.187385  0.133051  0.134697
	  0.000598  0.000521  0.000400  0.000400
significant   elliptical    59
	  0.356727  0.213539  0.136388  0.150887
	  0.000400  0.000400  0.000400  0.000400

j 1
significant   elliptical   643
	  0.228373  0.238544  0.273535  0.099898
	  0.000461  0.000915  0.000400  0.000634

. 1
significant   elliptical   921
	  0.075758  0.051540  0.053127  0.053059
	  0.000400  0.000400  0.000400  0.000400

q 1
significant   elliptical  1120
	  0.185829  0.301285  0.204607  0.148741
	  0.000400  0.000643  0.000400  0.000400

Ë 1
significant   elliptical   352
	  0.409379  0.453891  0.264471  0.155995
	  0.000638  0.004040  0.000400  0.000400

U 2
significant   elliptical   544
	  0.326962  0.318929  0.208941  0.181942
	  0.000400  0.000450  0.000400  0.000400
significant   elliptical   344
	  0.377135  0.390490  0.239576  0.209529
	  0.000400  0.000400  0.000400  0.000400

F 1
significant   elliptical   987
	  0.388076  0.304370  0.210874  0.158387
	  0.000470  0.002445  0.000400  0.000479

- 2
significant   elliptical   231
	  0.307613  0.097682  0.049158  0.131071
	  0.000400  0.000400  0.000400  0.000400
significant   elliptical   985
	  0.254339  0.068390  0.046296  0.086088
	  0.000400  0.000400  0.000400  0.000400

Ü 2
significant   elliptical   103
	  0.467157  0.486427  0.277837  0.197967
	  0.000400  0.000400  0.000400  0.000400
significant   elliptical   244
	  0.411021  0.404098  0.251457  0.173908
	  0.000569  0.000973  0.000400  0.000400

ô 1
significant   elliptical   352
	  0.333030  0.322806  0.205711  0.137129
	  0.000400  0.000400  0.000400  0.000400

3 1
significant   elliptical   544
	  0.309750  0.289214  0.216589  0.134306
	  0.002346  0.001198  0.000400  0.000400

G 1
significant   elliptical   415
	  0.330572  0.371386  0.215954  0.187811
	  0.000428  0.001013  0.000400  0.000400

Û 1
significant   elliptical   350
	  0.424252  0.422618  0.258940  0.178382
	  0.000789  0.001697  0.000400  0.000400

2 2
significant   elliptical  1008
	  0.316790  0.290315  0.223106  0.134983
	  0.000400  0.001225  0.000400  0.000400
significant   elliptical   144
	  0.253120  0.280661  0.167996  0.138563
	  0.000400  0.000400  0.000400  0.000400

M 2
significant   elliptical   351
	  0.328169  0.553244  0.224159  0.261240
	  0.000400  0.000400  0.000400  0.000400
significant   elliptical   654
	  0.303087  0.415934  0.197230  0.208232
	  0.000400  0.002501  0.000400  0.000400

œ 1
significant   elliptical   352
	  0.243763  0.393050  0.159746  0.225697
	  0.000400  0.000646  0.000400  0.000400

â 1
significant   elliptical   352
	  0.320612  0.343650  0.208607  0.132812
	  0.000400  0.000504  0.000400  0.000400

B 1
significant   elliptical   542
	  0.330338  0.367636  0.218332  0.168711
	  0.000400  0.001541  0.000400  0.000400

Ï 1
significant   elliptical   342
	  0.456849  0.282583  0.277915  0.102910
	  0.000927  0.002107  0.000414  0.000557

7 1
significant   elliptical   447
	  0.387086  0.228454  0.210649  0.125830
	  0.002742  0.000400  0.000400  0.000400

8 1
significant   elliptical   512
	  0.331055  0.321066  0.211304  0.144814
	  0.000400  0.000742  0.000400  0.000400

Î 1
significant   elliptical   350
	  0.459743  0.277761  0.277980  0.097433
	  0.000629  0.001674  0.000400  0.000534

î 1
significant   elliptical   351
	  0.369124  0.220396  0.219195  0.083155
	  0.000555  0.001009  0.000400  0.000400

( 1
significant   elliptical   576
	  0.276137  0.192231  0.253710  0.084032
	  0.001043  0.000400  0.000400  0.000400

& 1
significant   elliptical   350
	  0.298549  0.375016  0.205971  0.171194
	  0.000406  0.004242  0.000400  0.000781

Q 1
significant   elliptical   416
	  0.271653  0.410544  0.249906  0.196205
	  0.001106  0.002298  0.000449  0.000400

z 1
significant   elliptical   480
	  0.238656  0.240395  0.168310  0.129525
	  0.000400  0.000404  0.000400  0.000400

Ç 2
significant   elliptical   151
	  0.297392  0.382352  0.281095  0.184292
	  0.000400  0.000622  0.000400  0.000400
significant   elliptical   196
	  0.260463  0.323033  0.256358  0.158083
	  0.000400  0.000599  0.000400  0.000400

À 1
significant   elliptical   350
	  0.346339  0.357186  0.259877  0.156685
	  0.000400  0.001261  0.000400  0.000400

© 2
significant   elliptical    46
	  0.285751  0.669684  0.232931  0.227836
	  0.000400  0.000554  0.000400  0.000400
significant   elliptical   306
	  0.324283  0.542853  0.193551  0.188381
	  0.000646  0.002501  0.000400  0.000400

9 1
significant   elliptical   448
	  0.324419  0.301108  0.201887  0.139413
	  0.002176  0.000843  0.000400  0.000400

Ê 1
significant   elliptical   350
	  0.406775  0.448275  0.264275  0.154319
	  0.000468  0.003709  0.000400  0.000400

ù 1
significant   elliptical   352
	  0.307295  0.311806  0.206365  0.145741
	  0.000400  0.000559  0.000400  0.000400

— 1
significant   elliptical   382
	  0.266719  0.174681  0.044584  0.246636
	  0.000596  0.000934  0.000400  0.001826

_ 1
significant   elliptical   313
	 -0.119758  0.133208  0.038763  0.184080
	  0.003655  0.001414  0.000400  0.002480

Z 1
significant   elliptical   384
	  0.328156  0.333476  0.235250  0.157308
	  0.000400  0.001717  0.000400  0.000400

Y 2
significant   elliptical   281
	  0.390027  0.260162  0.210910  0.148410
	  0.000400  0.001504  0.000400  0.000400
significant   elliptical    68
	  0.432100  0.325770  0.246841  0.168601
	  0.000400  0.000400  0.000400  0.000400

È 1
significant   elliptical   351
	  0.390002  0.425111  0.259070  0.154124
	  0.000400  0.003689  0.000400  0.000400

W 2
significant   elliptical   138
	  0.425583  0.498740  0.218608  0.248641
	  0.000400  0.000400  0.000400  0.000595
significant   elliptical   369
	  0.363895  0.426813  0.193809  0.221894
	  0.000413  0.001303  0.000400  0.000856

û 1
significant   elliptical   352
	  0.326005  0.336890  0.209395  0.145097
	  0.000400  0.000515  0.000400  0.000400

} 1
significant   elliptical   380
	  0.265183  0.218344  0.263076  0.089052
	  0.000716  0.000564  0.000400  0.000444

# 1
significant   elliptical   352
	  0.331776  0.321534  0.197332  0.140037
	  0.000442  0.000513  0.000400  0.000400

= 1
significant   elliptical   446
	  0.301771  0.223409  0.097262  0.153465
	  0.000960  0.000518  0.000400  0.000400

" 1
significant   elliptical   637
	  0.550009  0.139415  0.087753  0.103868
	  0.001365  0.000491  0.000400  0.000400

{ 1
significant   elliptical   478
	  0.275162  0.217505  0.261972  0.089190
	  0.000772  0.000559  0.000400  0.000454

? 1
significant   elliptical   448
	  0.385943  0.231622  0.208548  0.108390
	  0.000699  0.000578  0.000400  0.000400

‘ 1
significant   elliptical    32
	  0.532837  0.076758  0.088623  0.054688
	  0.000917  0.000400  0.000400  0.000400

’ 1
significant   elliptical    32
	  0.550049  0.078650  0.089111  0.057983
	  0.000915  0.000400  0.000400  0.000400
